1058猴子吃桃
1061黑洞数
1051
1059
1060韩信点兵
1091绝望反击
1076绝望求和
1081
1087
1088
1090
1685
2212
1056
1021
2118
1141
1142
1160
1176
1179
1180
1157
1181
1182
1046
1030
1031
1038
1095
1113
1103
1101
1110
1133
1115
1144
1119
1190
1193
1195
1112
1196
1194
2309
2310
1152
1198
1217
1224
1231
1699
1709
1700
1710
1180
1181
1182
1183
1184
1185
1186
1187
1188
1189
2136
1211
1213
1214
1215
1216
1177
1220
1221
1222
1113
2312
1698
2644
2477
2478
2646
2648
2649
2650
2651
2654
2643
2549
1132
1244
1035
1089
2669
2668
2681
